N script avg_runtime secondary_values
10 discrete/main.py .00195 1024,1024,1024,1024,1024,1024,1024,1024,1024
10 voronoi/main.py .00593 22,22,22,22,22,22,22,22,22
10 voronoi_union/main.py .00169 22,22,22,22,22,22,22,22,22
50 discrete/main.py .00589 5041,5041,5041,5041,5041,5041,5041,5041,5041
50 voronoi/main.py .03060 102,102,102,102,102,102,102,102,102
50 voronoi_union/main.py .00565 102,102,102,102,102,102,102,102,102
100 discrete/main.py .01005 10201,10201,10201,10201,10201,10201,10201,10201,10201
100 voronoi/main.py .03872 202,202,202,202,202,202,202,202,202
100 voronoi_union/main.py .01036 202,202,202,202,202,202,202,202,202
200 discrete/main.py .01988 20164,20164,20164,20164,20164,20164,20164,20164,20164
200 voronoi/main.py .07480 402,402,402,402,402,402,402,402,402
200 voronoi_union/main.py .02073 402,402,402,402,402,402,402,402,402
300 discrete/main.py .03069 30276,30276,30276,30276,30276,30276,30276,30276,30276
300 voronoi/main.py .11379 602,602,602,602,602,602,602,602,602
300 voronoi_union/main.py .03050 602,602,602,602,602,602,602,602,602
400 discrete/main.py .04335 40401,40401,40401,40401,40401,40401,40401,40401,40401
400 voronoi/main.py .14791 802,802,802,802,802,802,802,802,802
400 voronoi_union/main.py .05117 802,802,802,802,802,802,802,802,802
500 discrete/main.py .07609 50176,50176,50176,50176,50176,50176,50176,50176,50176
500 voronoi/main.py .21657 1002,1002,1002,1002,1002,1002,1002,1002,1002
500 voronoi_union/main.py .05159 1002,1002,1002,1002,1002,1002,1002,1002,1002
600 discrete/main.py .06544 60025,60025,60025,60025,60025,60025,60025,60025,60025
600 voronoi/main.py .25173 1202,1202,1202,1202,1202,1202,1202,1202,1202
600 voronoi_union/main.py .06279 1202,1202,1202,1202,1202,1202,1202,1202,1202
700 discrete/main.py .08722 70225,70225,70225,70225,70225,70225,70225,70225,70225
700 voronoi/main.py .41668 1402,1402,1402,1402,1402,1402,1402,1402,1402
700 voronoi_union/main.py .07584 1402,1402,1402,1402,1402,1402,1402,1402,1402
